{
  "focal_len": 1100.0,
  "cx": 225.0,
  "cy": 225.0,
  "frames": [
    {
      "img_id": 0,
      "aud_id": 0,
      "transform_matrix": [
        [
          0.9998572468757629,
          0.0117547158151865,
          0.012135998345911503,
          0.00973870325833559
        ],
        [
          -0.011058148927986622,
          0.9983723759651184,
          -0.055950265377759933,
          -0.052808117121458054
        ],
        [
          -0.012773924507200718,
          0.05580807477235794,
          0.9983597993850708,
          0.6710065603256226
        ],
        [
          0.0,
          0.0,
          0.0,
          1.0
        ]
      ],
      "face_rect": [
        55,
        0,
        330,
        402
      ]
    },
    {
      "img_id": 1,
      "aud_id": 1,
      "transform_matrix": [
        [
          0.9995843172073364,
          -0.025994762778282166,
          0.012467572465538979,
          0.010450685396790504
        ],
        [
          0.026721183210611343,
          0.9977090358734131,
          -0.06215063855051994,
          -0.0579073503613472
        ],
        [
          -0.010823418386280537,
          0.06245794892311096,
          0.9979888796806335,
          0.6700418591499329
        ],
        [
          0.0,
          0.0,
          0.0,
          1.0
        ]
      ],
      "face_rect": [
        58,
        0,
        326,
        400
      ]
    },
    {
      "img_id": 2,
      "aud_id": 2,
      "transform_matrix": [
        [
          0.9984360337257385,
          -0.055018432438373566,
          0.009924259968101978,
          0.008799390867352486
        ],
        [
          0.055528320372104645,
          0.9965432286262512,
          -0.0617903470993042,
          -0.05806182324886322
        ],
        [
          -0.006490346975624561,
          0.06224478781223297,
          0.9980398416519165,
          0.6698951721191406
        ],
        [
          0.0,
          0.0,
          0.0,
          1.0
        ]
      ],
      "face_rect": [
        58,
        0,
        330,
        404
      ]
    },
    {
      "img_id": 3,
      "aud_id": 3,
      "transform_matrix": [
        [
          0.9959048628807068,
          -0.08983393758535385,
          0.010168095119297504,
          0.010379049926996231
        ],
        [
          0.09025649726390839,
          0.9944314956665039,
          -0.05440440773963928,
          -0.052260689437389374
        ],
        [
          -0.005224111955612898,
          0.05509934574365616,
          0.998467206954956,
          0.6702553033828735
        ],
        [
          0.0,
          0.0,
          0.0,
          1.0
        ]
      ],
      "face_rect": [
        60,
        0,
        326,
        404
      ]
    },
    {
      "img_id": 4,
      "aud_id": 4,
      "transform_matrix": [
        [
          0.9948338270187378,
          -0.10087642073631287,
          0.011384939774870872,
          0.011843700893223286
        ],
        [
          0.10125699639320374,
          0.9940465688705444,
          -0.040231116116046906,
          -0.04151042550802231
        ],
        [
          -0.0072587886825203896,
          0.04117608070373535,
          0.9991255402565002,
          0.6707736849784851
        ],
        [
          0.0,
          0.0,
          0.0,
          1.0
        ]
      ],
      "face_rect": [
        61,
        0,
        324,
        404
      ]
    },
    {
      "img_id": 5,
      "aud_id": 5,
      "transform_matrix": [
        [
          0.9951679706573486,
          -0.0966382622718811,
          0.01736951433122158,
          0.01672491244971752
        ],
        [
          0.09710633754730225,
          0.994865894317627,
          -0.028498439118266106,
          -0.031680069863796234
        ],
        [
          -0.014526297338306904,
          0.030047426000237465,
          0.9994429349899292,
          0.6699130535125732
        ],
        [
          0.0,
          0.0,
          0.0,
          1.0
        ]
      ],
      "face_rect": [
        61,
        0,
        326,
        436
      ]
    },
    {
      "img_id": 6,
      "aud_id": 6,
      "transform_matrix": [
        [
          0.9965274930000305,
          -0.0803089365363121,
          0.0219839196652174,
          0.020367685705423355
        ],
        [
          0.08077877759933472,
          0.9965025186538696,
          -0.021389581263065338,
          -0.025259166955947876
        ],
        [
          -0.020189257338643074,
          0.023091141134500504,
          0.9995294809341431,
          0.6685001254081726
        ],
        [
          0.0,
          0.0,
          0.0,
          1.0
        ]
      ],
      "face_rect": [
        57,
        0,
        326,
        436
      ]
    },
    {
      "img_id": 7,
      "aud_id": 7,
      "transform_matrix": [
        [
          0.9976330995559692,
          -0.06482972949743271,
          0.022917091846466064,
          0.021683577448129654
        ],
        [
          0.06521516293287277,
          0.9977349638938904,
          -0.01649090088903904,
          -0.02109132707118988
        ],
        [
          -0.021796081215143204,
          0.017946409061551094,
          0.9996013641357422,
          0.6665714383125305
        ],
        [
          0.0,
          0.0,
          0.0,
          1.0
        ]
      ],
      "face_rect": [
        52,
        0,
        332,
        434
      ]
    },
    {
      "img_id": 8,
      "aud_id": 8,
      "transform_matrix": [
        [
          0.998377799987793,
          -0.05069930851459503,
          0.025910161435604095,
          0.024213310331106186
        ],
        [
          0.05095433071255684,
          0.9986578822135925,
          -0.00927856843918562,
          -0.016096603125333786
        ],
        [
          -0.025404969230294228,
          0.01058375183492899,
          0.9996212124824524,
          0.6646992564201355
        ],
        [
          0.0,
          0.0,
          0.0,
          1.0
        ]
      ],
      "face_rect": [
        50,
        0,
        332,
        422
      ]
    },
    {
      "img_id": 9,
      "aud_id": 9,
      "transform_matrix": [
        [
          0.9987165927886963,
          -0.042834486812353134,
          0.027028286829590797,
          0.025592196732759476
        ],
        [
          0.04302296042442322,
          0.9990533590316772,
          -0.0064302170649170876,
          -0.014003795571625233
        ],
        [
          -0.02672726660966873,
          0.007584800943732262,
          0.9996140003204346,
          0.6628991961479187
        ],
        [
          0.0,
          0.0,
          0.0,
          1.0
        ]
      ],
      "face_rect": [
        50,
        0,
        332,
        418
      ]
    },
    {
      "img_id": 10,
      "aud_id": 10,
      "transform_matrix": [
        [
          0.9991108775138855,
          -0.030752860009670258,
          0.028839580714702606,
          0.026820914819836617
        ],
        [
          0.030710360035300255,
          0.9995265007019043,
          0.0019155729096382856,
          -0.008270107209682465
        ],
        [
          -0.02888483554124832,
          -0.001028195722028613,
          0.9995822310447693,
          0.6619150042533875
        ],
        [
          0.0,
          0.0,
          0.0,
          1.0
        ]
      ],
      "face_rect": [
        48,
        0,
        336,
        418
      ]
    },
    {
      "img_id": 11,
      "aud_id": 11,
      "transform_matrix": [
        [
          0.9994235038757324,
          -0.018913429230451584,
          0.02819303795695305,
          0.02640690840780735
        ],
        [
          0.018759844824671745,
          0.9998077750205994,
          0.005702191963791847,
          -0.00509160291403532
        ],
        [
          -0.028295466676354408,
          -0.005170007701963186,
          0.9995862245559692,
          0.6610119938850403
        ],
        [
          0.0,
          0.0,
          0.0,
          1.0
        ]
      ],
      "face_rect": [
        50,
        0,
        332,
        418
      ]
    },
    {
      "img_id": 12,
      "aud_id": 12,
      "transform_matrix": [
        [
          0.9995911717414856,
          -0.0028573647141456604,
          0.028447596356272697,
          0.026683269068598747
        ],
        [
          0.0019169700099155307,
          0.999452531337738,
          0.033029645681381226,
          0.014013290405273438
        ],
        [
          -0.02852640114724636,
          -0.032961610704660416,
          0.9990494251251221,
          0.6615573167800903
        ],
        [
          0.0,
          0.0,
          0.0,
          1.0
        ]
      ],
      "face_rect": [
        48,
        0,
        332,
        424
      ]
    },
    {
      "img_id": 13,
      "aud_id": 13,
      "transform_matrix": [
        [
          0.9993084669113159,
          0.025043584406375885,
          0.02748347818851471,
          0.02546292170882225
        ],
        [
          -0.02660072222352028,
          0.9979715943336487,
          0.057836201041936874,
          0.03164614737033844
        ],
        [
          -0.025979306548833847,
          -0.05852728709578514,
          0.9979476928710938,
          0.6617521643638611
        ],
        [
          0.0,
          0.0,
          0.0,
          1.0
        ]
      ],
      "face_rect": [
        47,
        0,
        330,
        426
      ]
    },
    {
      "img_id": 14,
      "aud_id": 14,
      "transform_matrix": [
        [
          0.9974387884140015,
          0.06428948044776917,
          0.03134771063923836,
          0.027332648634910583
        ],
        [
          -0.06626898795366287,
          0.9955607056617737,
          0.06683637946844101,
          0.038770824670791626
        ],
        [
          -0.026911675930023193,
          -0.06874258071184158,
          0.9972713589668274,
          0.6612826585769653
        ],
        [
          0.0,
          0.0,
          0.0,
          1.0
        ]
      ],
      "face_rect": [
        51,
        0,
        324,
        436
      ]
    },
    {
      "img_id": 15,
      "aud_id": 15,
      "transform_matrix": [
        [
          0.9952115416526794,
          0.08990511298179626,
          0.03835560753941536,
          0.03251555189490318
        ],
        [
          -0.09235832840204239,
          0.9934096336364746,
          0.06787706166505814,
          0.04016315937042236
        ],
        [
          -0.0320003367960453,
          -0.07109449058771133,
          0.9969561696052551,
          0.6604521870613098
        ],
        [
          0.0,
          0.0,
          0.0,
          1.0
        ]
      ],
      "face_rect": [
        49,
        0,
        324,
        448
      ]
    },
    {
      "img_id": 16,
      "aud_id": 16,
      "transform_matrix": [
        [
          0.994083046913147,
          0.09853601455688477,
          0.0457104854285717,
          0.03853321820497513
        ],
        [
          -0.10132918506860733,
          0.9928274750709534,
          0.0634511262178421,
          0.0377580001950264
        ],
        [
          -0.039130404591560364,
          -0.06770749390125275,
          0.9969375729560852,
          0.6595229506492615
        ],
        [
          0.0,
          0.0,
          0.0,
          1.0
        ]
      ],
      "face_rect": [
        46,
        0,
        326,
        438
      ]
    },
    {
      "img_id": 17,
      "aud_id": 17,
      "transform_matrix": [
        [
          0.993276834487915,
          0.10318741202354431,
          0.05247354507446289,
          0.043474435806274414
        ],
        [
          -0.10632634162902832,
          0.9924565553665161,
          0.06103011593222618,
          0.03686464577913284
        ],
        [
          -0.04578017443418503,
          -0.06619912385940552,
          0.9967557191848755,
          0.6581822633743286
        ],
        [
          0.0,
          0.0,
          0.0,
          1.0
        ]
      ],
      "face_rect": [
        46,
        0,
        326,
        438
      ]
    },
    {
      "img_id": 18,
      "aud_id": 18,
      "transform_matrix": [
        [
          0.9940445423126221,
          0.09489157050848007,
          0.05358162894845009,
          0.044373009353876114
        ],
        [
          -0.09794588387012482,
          0.9935243129730225,
          0.05758495256304741,
          0.036073390394449234
        ],
        [
          -0.04777032509446144,
          -0.062490109354257584,
          0.9969016909599304,
          0.6564418077468872
        ],
        [
          0.0,
          0.0,
          0.0,
          1.0
        ]
      ],
      "face_rect": [
        47,
        0,
        326,
        432
      ]
    },
    {
      "img_id": 19,
      "aud_id": 19,
      "transform_matrix": [
        [
          0.9945604801177979,
          0.08982709050178528,
          0.05272958427667618,
          0.04356924071907997
        ],
        [
          -0.09317093342542648,
          0.993538498878479,
          0.06481119245290756,
          0.04173515364527702
        ],
        [
          -0.04656706750392914,
          -0.06937152147293091,
          0.9965034127235413,
          0.6555747985839844
        ],
        [
          0.0,
          0.0,
          0.0,
          1.0
        ]
      ],
      "face_rect": [
        48,
        0,
        326,
        422
      ]
    },
    {
      "img_id": 20,
      "aud_id": 20,
      "transform_matrix": [
        [
          0.9950087070465088,
          0.08659543097019196,
          0.049587003886699677,
          0.04104765132069588
        ],
        [
          -0.09007402509450912,
          0.9932677149772644,
          0.0728415921330452,
          0.04742959514260292
        ],
        [
          -0.04294542223215103,
          -0.07694453001022339,
          0.9961100816726685,
          0.6549080610275269
        ],
        [
          0.0,
          0.0,
          0.0,
          1.0
        ]
      ],
      "face_rect": [
        49,
        0,
        326,
        412
      ]
    },
    {
      "img_id": 21,
      "aud_id": 21,
      "transform_matrix": [
        [
          0.995892345905304,
          0.07944384962320328,
          0.0434403270483017,
          0.03646538034081459
        ],
        [
          -0.08256319165229797,
          0.9937233924865723,
          0.07547932863235474,
          0.0495125949382782
        ],
        [
          -0.03717130050063133,
          -0.07875585556030273,
          0.996200680732727,
          0.6549007296562195
        ],
        [
          0.0,
          0.0,
          0.0,
          1.0
        ]
      ],
      "face_rect": [
        49,
        0,
        326,
        412
      ]
    },
    {
      "img_id": 22,
      "aud_id": 22,
      "transform_matrix": [
        [
          0.9967664480209351,
          0.0729430690407753,
          0.033703599125146866,
          0.02931249886751175
        ],
        [
          -0.07540784776210785,
          0.9940336346626282,
          0.0788092091679573,
          0.05180017650127411
        ],
        [
          -0.02775392308831215,
          -0.08109588176012039,
          0.9963197708129883,
          0.6552104353904724
        ],
        [
          0.0,
          0.0,
          0.0,
          1.0
        ]
      ],
      "face_rect": [
        50,
        0,
        326,
        424
      ]
    },
    {
      "img_id": 23,
      "aud_id": 23,
      "transform_matrix": [
        [
          0.9974642992019653,
          0.06630577147006989,
          0.025855910032987595,
          0.023213692009449005
        ],
        [
          -0.06821917742490768,
          0.9943007826805115,
          0.0819278284907341,
          0.05348854884505272
        ],
        [
          -0.020276261493563652,
          -0.08348395675420761,
          0.9963028430938721,
          0.6564083695411682
        ],
        [
          0.0,
          0.0,
          0.0,
          1.0
        ]
      ],
      "face_rect": [
        51,
        0,
        324,
        426
      ]
    },
    {
      "img_id": 24,
      "aud_id": 24,
      "transform_matrix": [
        [
          0.9984908103942871,
          0.05093090981245041,
          0.02054740861058235,
          0.019774923101067543
        ],
        [
          -0.05243637412786484,
          0.9953356385231018,
          0.08097798377275467,
          0.05218653380870819
        ],
        [
          -0.016327284276485443,
          -0.08193320035934448,
          0.9965041279792786,
          0.6579222083091736
        ],
        [
          0.0,
          0.0,
          0.0,
          1.0
        ]
      ],
      "face_rect": [
        52,
        0,
        324,
        430
      ]
    },
    {
      "img_id": 25,
      "aud_id": 25,
      "transform_matrix": [
        [
          0.9990288615226746,
          0.04044812172651291,
          0.017472699284553528,
          0.017342090606689453
        ],
        [
          -0.04158652946352959,
          0.9966351985931396,
          0.07063144445419312,
          0.044808730483055115
        ],
        [
          -0.014556998386979103,
          -0.07128947973251343,
          0.9973494410514832,
          0.6596778631210327
        ],
        [
          0.0,
          0.0,
          0.0,
          1.0
        ]
      ],
      "face_rect": [
        52,
        0,
        324,
        430
      ]
    },
    {
      "img_id": 26,
      "aud_id": 26,
      "transform_matrix": [
        [
          0.9993240237236023,
          0.03389764204621315,
          0.01422780193388462,
          0.013877127319574356
        ],
        [
          -0.03469203785061836,
          0.9976012110710144,
          0.05990073084831238,
          0.03620423376560211
        ],
        [
          -0.012163180857896805,
          -0.060353834182024,
          0.9981029033660889,
          0.6620978116989136
        ],
        [
          0.0,
          0.0,
          0.0,
          1.0
        ]
      ],
      "face_rect": [
        54,
        0,
        324,
        434
      ]
    },
    {
      "img_id": 27,
      "aud_id": 27,
      "transform_matrix": [
        [
          0.9996309876441956,
          0.02582341805100441,
          0.008430425077676773,
          0.008502802811563015
        ],
        [
          -0.026059959083795547,
          0.99923175573349,
          0.02927040494978428,
          0.013095002621412277
        ],
        [
          -0.007668086793273687,
          -0.02947929874062538,
          0.9995359778404236,
          0.6636917591094971
        ],
        [
          0.0,
          0.0,
          0.0,
          1.0
        ]
      ],
      "face_rect": [
        54,
        0,
        330,
        430
      ]
    },
    {
      "img_id": 28,
      "aud_id": 28,
      "transform_matrix": [
        [
          0.9996099472045898,
          0.027871757745742798,
          0.001770260278135538,
          0.0023897546343505383
        ],
        [
          -0.027863096445798874,
          0.9996005296707153,
          -0.004741708282381296,
          -0.01263818796724081
        ],
        [
          -0.0019017128506675363,
          0.004690533969551325,
          0.9999872446060181,
          0.6637619137763977
        ],
        [
          0.0,
          0.0,
          0.0,
          1.0
        ]
      ],
      "face_rect": [
        54,
        0,
        332,
        416
      ]
    },
    {
      "img_id": 29,
      "aud_id": 29,
      "transform_matrix": [
        [
          0.9996412396430969,
          0.026220986619591713,
          -0.005466837901622057,
          -0.002818732289597392
        ],
        [
          -0.026363033801317215,
          0.9992665648460388,
          -0.027770858258008957,
          -0.030163809657096863
        ],
        [
          0.004734649322926998,
          0.027905017137527466,
          0.9995993375778198,
          0.6637951135635376
        ],
        [
          0.0,
          0.0,
          0.0,
          1.0
        ]
      ],
      "face_rect": [
        54,
        0,
        332,
        416
      ]
    },
    {
      "img_id": 30,
      "aud_id": 30,
      "transform_matrix": [
        [
          0.9994128942489624,
          0.032555755227804184,
          -0.01067428383976221,
          -0.006682158447802067
        ],
        [
          -0.03295635059475899,
          0.9986644387245178,
          -0.03979002684354782,
          -0.0393499881029129
        ],
        [
          0.009364631958305836,
          0.04011845216155052,
          0.9991510510444641,
          0.6641308665275574
        ],
        [
          0.0,
          0.0,
          0.0,
          1.0
        ]
      ],
      "face_rect": [
        57,
        0,
        326,
        410
      ]
    },
    {
      "img_id": 31,
      "aud_id": 31,
      "transform_matrix": [
        [
          0.9990782141685486,
          0.04076387733221054,
          -0.013452980667352676,
          -0.009027899242937565
        ],
        [
          -0.04126826301217079,
          0.9983618855476379,
          -0.039628274738788605,
          -0.040136389434337616
        ],
        [
          0.011815542355179787,
          0.04014693200588226,
          0.9991239309310913,
          0.6646981239318848
        ],
        [
          0.0,
          0.0,
          0.0,
          1.0
        ]
      ],
      "face_rect": [
        57,
        0,
        326,
        420
      ]
    },
    {
      "img_id": 32,
      "aud_id": 32,
      "transform_matrix": [
        [
          0.9990774989128113,
          0.03970358520746231,
          -0.01636434718966484,
          -0.010785052552819252
        ],
        [
          -0.04030574485659599,
          0.9984540343284607,
          -0.03827572241425514,
          -0.03861534222960472
        ],
        [
          0.014819364063441753,
          0.0388999879360199,
          0.9991332292556763,
          0.664654016494751
        ],
        [
          0.0,
          0.0,
          0.0,
          1.0
        ]
      ],
      "face_rect": [
        55,
        0,
        326,
        418
      ]
    },
    {
      "img_id": 33,
      "aud_id": 33,
      "transform_matrix": [
        [
          0.9990770816802979,
          0.03944931924343109,
          -0.01699243113398552,
          -0.011635418981313705
        ],
        [
          -0.03988097980618477,
          0.9988697171211243,
          -0.025861304253339767,
          -0.02927836775779724
        ],
        [
          0.01595301553606987,
          0.026515111327171326,
          0.9995211362838745,
          0.6650888919830322
        ],
        [
          0.0,
          0.0,
          0.0,
          1.0
        ]
      ],
      "face_rect": [
        56,
        0,
        326,
        434
      ]
    },
    {
      "img_id": 34,
      "aud_id": 34,
      "transform_matrix": [
        [
          0.9993484616279602,
          0.033206064254045486,
          -0.014142624102532864,
          -0.009699569083750248
        ],
        [
          -0.03341376408934593,
          0.9993333220481873,
          -0.014712194912135601,
          -0.020743906497955322
        ],
        [
          0.013644660823047161,
          0.015175167471170425,
          0.9997917413711548,
          0.664849579334259
        ],
        [
          0.0,
          0.0,
          0.0,
          1.0
        ]
      ],
      "face_rect": [
        58,
        0,
        324,
        432
      ]
    },
    {
      "img_id": 35,
      "aud_id": 35,
      "transform_matrix": [
        [
          0.9996204972267151,
          0.02711559273302555,
          -0.00485613476485014,
          -0.003746400587260723
        ],
        [
          -0.02716742269694805,
          0.999570906162262,
          -0.010945146903395653,
          -0.017449207603931427
        ],
        [
          0.004557267762720585,
          0.011072922497987747,
          0.9999282956123352,
          0.6636657118797302
        ],
        [
          0.0,
          0.0,
          0.0,
          1.0
        ]
      ],
      "face_rect": [
        60,
        0,
        326,
        430
      ]
    },
    {
      "img_id": 36,
      "aud_id": 36,
      "transform_matrix": [
        [
          0.9998492002487183,
          0.01727919653058052,
          0.0017433696193620563,
          0.0005955011583864689
        ],
        [
          -0.017256950959563255,
          0.9997783899307251,
          -0.012056144885718822,
          -0.017896197736263275
        ],
        [
          -0.0019513037987053394,
          0.01202424056828022,
          0.9999257922172546,
          0.6620643734931946
        ],
        [
          0.0,
          0.0,
          0.0,
          1.0
        ]
      ],
      "face_rect": [
        59,
        0,
        330,
        420
      ]
    },
    {
      "img_id": 37,
      "aud_id": 37,
      "transform_matrix": [
        [
          0.9999799132347107,
          0.0044725569896399975,
          0.004502689000219107,
          0.0023871264420449734
        ],
        [
          -0.004426570143550634,
          0.9999384880065918,
          -0.010171870701014996,
          -0.016820384189486504
        ],
        [
          -0.00454790610820055,
          0.010151735506951809,
          0.9999381303787231,
          0.6605759263038635
        ],
        [
          0.0,
          0.0,
          0.0,
          1.0
        ]
      ],
      "face_rect": [
        58,
        0,
        330,
        424
      ]
    },
    {
      "img_id": 38,
      "aud_id": 38,
      "transform_matrix": [
        [
          0.9999557137489319,
          -0.0075844707898795605,
          0.005567916668951511,
          0.0029845978133380413
        ],
        [
          0.007626494392752647,
          0.9999423027038574,
          -0.007565531879663467,
          -0.01517835259437561
        ],
        [
          -0.00551021471619606,
          0.007607660721987486,
          0.9999558925628662,
          0.6588271260261536
        ],
        [
          0.0,
          0.0,
          0.0,
          1.0
        ]
      ],
      "face_rect": [
        63,
        0,
        324,
        424
      ]
    },
    {
      "img_id": 39,
      "aud_id": 39,
      "transform_matrix": [
        [
          0.9998630285263062,
          -0.012885392643511295,
          0.010387959890067577,
          0.005900230258703232
        ],
        [
          0.012893729843199253,
          0.9999166131019592,
          -0.0007360162562690675,
          -0.01062207855284214
        ],
        [
          -0.010377610102295876,
          0.0008698550518602133,
          0.9999458193778992,
          0.6571456789970398
        ],
        [
          0.0,
          0.0,
          0.0,
          1.0
        ]
      ],
      "face_rect": [
        61,
        0,
        332,
        418
      ]
    },
    {
      "img_id": 40,
      "aud_id": 40,
      "transform_matrix": [
        [
          0.9997997283935547,
          -0.017232831567525864,
          0.010170483030378819,
          0.005980012007057667
        ],
        [
          0.017287813127040863,
          0.999836266040802,
          -0.005343046970665455,
          -0.013056312687695026
        ],
        [
          -0.010076741687953472,
          0.0055178022012114525,
          0.9999340176582336,
          0.654775857925415
        ],
        [
          0.0,
          0.0,
          0.0,
          1.0
        ]
      ],
      "face_rect": [
        62,
        0,
        330,
        449
      ]
    },
    {
      "img_id": 41,
      "aud_id": 41,
      "transform_matrix": [
        [
          0.9998588562011719,
          -0.0118176294490695,
          0.011944101192057133,
          0.006966093089431524
        ],
        [
          0.01180647499859333,
          0.9999298453330994,
          0.0010040219640359282,
          -0.008171099238097668
        ],
        [
          -0.011955127120018005,
          -0.0008628625073470175,
          0.9999281764030457,
          0.6533491015434265
        ],
        [
          0.0,
          0.0,
          0.0,
          1.0
        ]
      ],
      "face_rect": [
        60,
        0,
        330,
        449
      ]
    },
    {
      "img_id": 42,
      "aud_id": 42,
      "transform_matrix": [
        [
          0.9998772740364075,
          -0.0072938306257128716,
          0.013867557048797607,
          0.008354032412171364
        ],
        [
          0.0069865016266703606,
          0.9997317790985107,
          0.02208247408270836,
          0.00750637287274003
        ],
        [
          -0.014024902135133743,
          -0.02198287658393383,
          0.9996599555015564,
          0.652339518070221
        ],
        [
          0.0,
          0.0,
          0.0,
          1.0
        ]
      ],
      "face_rect": [
        59,
        0,
        336,
        449
      ]
    },
    {
      "img_id": 43,
      "aud_id": 43,
      "transform_matrix": [
        [
          0.9999632835388184,
          -0.00010454948642291129,
          0.008565950207412243,
          0.004703448619693518
        ],
        [
          -0.0003509355301503092,
          0.9985862374305725,
          0.05315514653921127,
          0.03173050284385681
        ],
        [
          -0.008559397421777248,
          -0.05315620079636574,
          0.9985495209693909,
          0.6511092782020569
        ],
        [
          0.0,
          0.0,
          0.0,
          1.0
        ]
      ],
      "face_rect": [
        62,
        0,
        326,
        449
      ]
    },
    {
      "img_id": 44,
      "aud_id": 44,
      "transform_matrix": [
        [
          0.9999938607215881,
          0.002952429698780179,
          0.001890517887659371,
          8.838484063744545e-05
        ],
        [
          -0.0031038285233080387,
          0.9963035583496094,
          0.08584574609994888,
          0.05655798688530922
        ],
        [
          -0.0016300762072205544,
          -0.08585109561681747,
          0.9963066577911377,
          0.6493589282035828
        ],
        [
          0.0,
          0.0,
          0.0,
          1.0
        ]
      ],
      "face_rect": [
        63,
        0,
        326,
        449
      ]
    },
    {
      "img_id": 45,
      "aud_id": 45,
      "transform_matrix": [
        [
          0.999973714351654,
          0.006082567851990461,
          -0.003942358307540417,
          -0.004056918900460005
        ],
        [
          -0.005661156494170427,
          0.9950430989265442,
          0.09928300976753235,
          0.06742987781763077
        ],
        [
          0.004526712000370026,
          -0.09925808012485504,
          0.9950514435768127,
          0.6482294797897339
        ],
        [
          0.0,
          0.0,
          0.0,
          1.0
        ]
      ],
      "face_rect": [
        60,
        0,
        330,
        446
      ]
    },
    {
      "img_id": 46,
      "aud_id": 46,
      "transform_matrix": [
        [
          0.9999473690986633,
          0.007597325835376978,
          -0.006902724504470825,
          -0.006088242866098881
        ],
        [
          -0.006787685677409172,
          0.9938451051712036,
          0.11057040840387344,
          0.0763511210680008
        ],
        [
          0.007700277958065271,
          -0.11051773279905319,
          0.9938443303108215,
          0.6476806998252869
        ],
        [
          0.0,
          0.0,
          0.0,
          1.0
        ]
      ],
      "face_rect": [
        60,
        0,
        330,
        442
      ]
    },
    {
      "img_id": 47,
      "aud_id": 47,
      "transform_matrix": [
        [
          0.9999277591705322,
          0.0075216712430119514,
          -0.009379303082823753,
          -0.007682777009904385
        ],
        [
          -0.006323711480945349,
          0.9925361275672913,
          0.12178690731525421,
          0.08515389263629913
        ],
        [
          0.01022533793002367,
          -0.12171878665685654,
          0.9925119876861572,
          0.6473434567451477
        ],
        [
          0.0,
          0.0,
          0.0,
          1.0
        ]
      ],
      "face_rect": [
        62,
        0,
        326,
        440
      ]
    },
    {
      "img_id": 48,
      "aud_id": 48,
      "transform_matrix": [
        [
          0.9998487234115601,
          0.01392864715307951,
          -0.01041856873780489,
          -0.008277756161987782
        ],
        [
          -0.012329112738370895,
          0.9900227189064026,
          0.1403675377368927,
          0.09928485751152039
        ],
        [
          0.01226974930614233,
          -0.1402178555727005,
          0.9900445938110352,
          0.6466615796089172
        ],
        [
          0.0,
          0.0,
          0.0,
          1.0
        ]
      ],
      "face_rect": [
        62,
        0,
        324,
        418
      ]
    },
    {
      "img_id": 49,
      "aud_id": 49,
      "transform_matrix": [
        [
          0.9997320175170898,
          0.020370421931147575,
          -0.010995307937264442,
          -0.008450167253613472
        ],
        [
          -0.01842210255563259,
          0.9877504706382751,
          0.1549503654241562,
          0.1108400896191597
        ],
        [
          0.014017025008797646,
          -0.15470629930496216,
          0.9878610968589783,
          0.6467413306236267
        ],
        [
          0.0,
          0.0,
          0.0,
          1.0
        ]
      ],
      "face_rect": [
        62,
        0,
        324,
        416
      ]
    },
    {
      "img_id": 50,
      "aud_id": 50,
      "transform_matrix": [
        [
          0.9996511340141296,
          0.024611616507172585,
          -0.009581506252288818,
          -0.007538368925452232
        ],
        [
          -0.02280448190867901,
          0.9873459339141846,
          0.15693287551403046,
          0.11252360045909882
        ],
        [
          0.013322632759809494,
          -0.15665963292121887,
          0.9875627756118774,
          0.6476041078567505
        ],
        [
          0.0,
          0.0,
          0.0,
          1.0
        ]
      ],
      "face_rect": [
        62,
        0,
        324,
        408
      ]
    },
    {
      "img_id": 51,
      "aud_id": 51,
      "transform_matrix": [
        [
          0.99973064661026,
          0.02114003710448742,
          -0.009575416333973408,
          -0.0072415354661643505
        ],
        [
          -0.019447721540927887,
          0.9882799386978149,
          0.15140794217586517,
          0.1094808503985405
        ],
        [
          0.012663964182138443,
          -0.15118096768856049,
          0.9884249567985535,
          0.6485827565193176
        ],
        [
          0.0,
          0.0,
          0.0,
          1.0
        ]
      ],
      "face_rect": [
        57,
        1,
        330,
        404
      ]
    },
    {
      "img_id": 52,
      "aud_id": 52,
      "transform_matrix": [
        [
          0.9997569918632507,
          0.021144086495041847,
          -0.00623729033395648,
          -0.005078488029539585
        ],
        [
          -0.019963983446359634,
          0.9883899092674255,
          0.15062156319618225,
          0.10915549844503403
        ],
        [
          0.00934963021427393,
          -0.15046045184135437,
          0.98857182264328,
          0.6495418548583984
        ],
        [
          0.0,
          0.0,
          0.0,
          1.0
        ]
      ],
      "face_rect": [
        65,
        1,
        320,
        404
      ]
    },
    {
      "img_id": 53,
      "aud_id": 53,
      "transform_matrix": [
        [
          0.9997236728668213,
          0.02310868725180626,
          -0.004311444237828255,
          -0.004217500798404217
        ],
        [
          -0.022205814719200134,
          0.9885320067405701,
          0.14936985075473785,
          0.108521468937397
        ],
        [
          0.007713742088526487,
          -0.14923283457756042,
          0.9887720346450806,
          0.65041583776474
        ],
        [
          0.0,
          0.0,
          0.0,
          1.0
        ]
      ],
      "face_rect": [
        60,
        10,
        326,
        392
      ]
    },
    {
      "img_id": 54,
      "aud_id": 54,
      "transform_matrix": [
        [
          0.9998258948326111,
          0.018459703773260117,
          -0.002726544626057148,
          -0.0034023947082459927
        ],
        [
          -0.01789577677845955,
          0.9899754524230957,
          0.1401010900735855,
          0.10263943672180176
        ],
        [
          0.005285436753183603,
          -0.14002791047096252,
          0.9901334643363953,
          0.6519044041633606
        ],
        [
          0.0,
          0.0,
          0.0,
          1.0
        ]
      ],
      "face_rect": [
        64,
        10,
        326,
        392
      ]
    },
    {
      "img_id": 55,
      "aud_id": 55,
      "transform_matrix": [
        [
          0.9998177886009216,
          0.01894359104335308,
          -0.0023741950280964375,
          -0.0036023911088705063
        ],
        [
          -0.018451828509569168,
          0.9907305240631104,
          0.13458314538002014,
          0.09881500154733658
        ],
        [
          0.004901675041764975,
          -0.13451480865478516,
          0.9908995032310486,
          0.6532787084579468
        ],
        [
          0.0,
          0.0,
          0.0,
          1.0
        ]
      ],
      "face_rect": [
        59,
        1,
        332,
        402
      ]
    },
    {
      "img_id": 56,
      "aud_id": 56,
      "transform_matrix": [
        [
          0.9998886585235596,
          0.014781594276428223,
          -0.002030715811997652,
          -0.0033920106943696737
        ],
        [
          -0.014379476197063923,
          0.9909858107566833,
          0.13319237530231476,
          0.09772327542304993
        ],
        [
          0.003981206566095352,
          -0.13314834237098694,
          0.9910880923271179,
          0.6547572016716003
        ],
        [
          0.0,
          0.0,
          0.0,
          1.0
        ]
      ],
      "face_rect": [
        60,
        0,
        330,
        402
      ]
    },
    {
      "img_id": 57,
      "aud_id": 57,
      "transform_matrix": [
        [
          0.9998499751091003,
          0.017321117222309113,
          0.0002856999635696411,
          -0.0019637909717857838
        ],
        [
          -0.017195092514157295,
          0.9903011322021484,
          0.1378694772720337,
          0.10091008245944977
        ],
        [
          0.0021051245275884867,
          -0.1378537118434906,
          0.9904503226280212,
          0.6563834547996521
        ],
        [
          0.0,
          0.0,
          0.0,
          1.0
        ]
      ],
      "face_rect": [
        61,
        1,
        330,
        400
      ]
    },
    {
      "img_id": 58,
      "aud_id": 58,
      "transform_matrix": [
        [
          0.9999348521232605,
          0.011166628450155258,
          0.0023702019825577736,
          -0.00014759087935090065
        ],
        [
          -0.011387446895241737,
          0.9902703166007996,
          0.13869035243988037,
          0.10170937329530716
        ],
        [
          -0.0007984372205100954,
